"logt" "g" "x1" "x2" "x3" "x4" "x5"
"1" 0.000815354590489868 0.0021389474731174 0.315716408814539 0.0675201951629018 0.911497881308096 0.677479201675317 0.0943052865600911
"2" 0.322735039227559 0.614621631065686 0.159826809830027 0.883403215265802 0.819472091842954 0.335399984559789 0.696802995385375
"3" 0.28740432768076 0.811734826034131 0.446890390700009 0.714931551065706 0.610702852258969 0.0996475044467209 0.618329695568554
"4" 0.209377450963619 0.993902673882376 0.557313389359318 -0.32054818949523 0.503002797166021 0.124928744739196 0.684093590427997
"5" 0.314482261326654 0.618205751196201 0.894792185890669 0.686140289231478 0.592907361529006 0.249306453823983 0.244891183203404
"6" 0.309742967587316 0.666349689616062 0.484542066879745 -0.173793901491242 0.159222221960831 0.945779212220124 0.752671194857827
"7" 0.289118561469122 0.486096501841227 0.992127779489983 0.437735389230997 0.981577576642888 0.646199886782462 0.532724304545358
"8" 0.271996660501945 0.410784222754445 0.2697426076295 -0.314155075080752 0.182883115960212 0.331221808421923 0.241666416932506
"9" 0.144052213089611 0.172196678541812 0.0178274318361901 -0.272863164254357 0.824922366669367 0.535110601294554 0.201357754851322
"10" 0.315335188004616 0.557572036277266 0.06474802793646 -0.61123694505945 0.715836458581962 0.908346093477678 0.208545653470209
"11" 0.257795387462385 0.355534224759582 0.348164414153015 -0.885773951011007 0.122822480403603 0.943231386177272 0.872011663247465
"12" 0.305387670483526 0.568155882921169 0.858790962870354 0.35908542985324 0.589811231168158 0.0301480887622578 0.282501783864659
"13" 0.0947718485102863 0.110412027911679 0.437051640336109 -0.880325315312405 0.668652724027579 0.443266181554498 0.716910382061582
"14" 0.155949583907942 0.178996448691762 0.7214321082127 0.475656416718041 0.964918874833529 0.0110785347186809 0.637720815522114
"15" 0.147298450872919 0.167993081953042 0.755163172044312 -0.309656115343904 0.921492829143654 0.333646323857465 0.718741540214568
"16" 0.229421945156848 0.314215843881689 0.471971550530308 -0.93852589098117 0.462534061681266 0.533496371695596 0.439373195494903
"17" 0.295418309787811 0.477823576048786 0.654349461687889 -0.905609803126855 0.85156250561704 0.016877015472953 0.412793030231481
"18" 0.308600031665078 0.574815999614477 0.459288170452216 -0.338319456756685 0.478516593699216 0.471505382115282 0.926246025287354
"19" 0.285371980901347 0.40917328980473 0.762913923870329 -0.000916174657308573 0.989825505503385 0.343255037534295 0.968153306603406
"20" 0.210018709054941 0.984958606975011 0.807751756862822 -0.547534358894254 0.749486509452852 0.50454818339693 0.789429216692522
"21" 0.259422018368787 0.884800252047938 0.622506817914876 0.701299522740371 0.00698998301613994 0.0454529194287507 0.708889447955649
"22" 0.21391045587577 0.283181217243358 0.675252119650236 0.9191424071746 0.351629026499306 0.16664968888814 0.978125769982617
"23" 0.221171295836187 0.279104013939769 0.893226993920099 0.33683509055099 0.0211459503970942 0.527594458018347 0.956740173977324
"24" 0.316400513907408 0.584275950800953 0.723740198541889 -0.530895107059316 0.931083976911723 0.761772447602979 0.270033009621982
"25" 0.249227104440458 0.335283476100062 0.0768072379231233 0.200264356717231 0.5056211753211 0.141365145659994 0.342334046774889
"26" 0.218501410500686 0.290734821574959 0.0175075525514714 -0.640784194991717 0.0861152554657248 0.675358984962727 0.413292818927417
"27" 0.142259532434756 0.163739649126736 0.406026425644173 0.610705435747917 0.288858063072543 0.173895351861192 0.203057078699552
"28" 0.296144605806657 0.475011701649622 0.507003027586413 -0.94643386589788 0.268930686157565 0.32299710977436 0.966015877418989
"29" 0.226420264956531 0.283391497318035 0.438368694898833 0.283607291055451 0.967055394581408 0.740384142845846 0.01030766827613
"30" 0.298912676563317 0.507032600339218 0.129894801885383 -0.400543173382287 0.370073105202803 0.705332538278114 0.0233958216538492
"31" 0.2244356626207 0.954424105007251 0.178865774116498 -0.898491777220343 0.844785501415698 0.222457422937999 0.634583879260683
"32" 0.0687224302247437 0.0760426853822727 0.599785951374908 0.692888123709878 0.687799933846664 0.561533637065207 0.0191394996319469
"33" 0.29192803128722 0.452773675829387 0.336679897510777 0.124913852192015 0.745110635408902 0.107020463389404 0.134014560113435
"34" 0.304345452598268 0.687677061659477 0.625799090407372 0.275088895163147 0.293195561735117 0.526653685500838 0.26316444849088
"35" 0.106191809907649 0.122333253604667 0.760365611211408 -0.141812516026432 0.614497626855855 0.0704849254481645 0.689118156055123
"36" 0.306441837151134 0.58483086424992 0.107465200673966 0.926523863272035 0.717283972351594 0.967092990212921 0.824341568039508
"37" 0.292883698994159 0.765694209203216 0.600826188216882 0.270124102985909 0.178586334489742 0.733652636082784 0.96173767164383
"38" 0.226921546313675 0.278951280988256 0.481950461688846 -0.164577112354347 0.4962934421443 0.545357264446633 0.938527164797683
"39" 0.167714079491812 0.1953312001724 0.225940488277846 0.0705609546687171 0.222904418214252 0.959904059921402 0.590661124991606
"40" 0.269033417946734 0.39453598835121 0.935347966745584 0.950966775371015 0.671575831642322 0.0463910369783025 0.0291965603998128
"41" 0.182509019621016 0.23264541090239 0.499381436005081 -0.242298840404991 0.999540071912188 0.813255177381699 0.68367629270178
"42" 0.120947417071369 0.133408064197022 0.566254059034596 0.622565405558237 0.0901723768924955 0.362940849152323 0.689390173739092
"43" 0.0179596269811787 0.0197288969307231 0.909601009263892 0.00271357492646752 0.0578131247370341 0.164959018191201 0.149708796092176
"44" 0.300202567815675 0.709238886023333 0.792673896736505 0.446512701193486 0.305600487991446 0.357382063366349 0.931755494048154
"45" 0.226889787033066 0.280992891743435 0.294227710505799 -0.121508634712965 0.415185956367915 0.261753093321958 0.497549492048634
"46" 0.285921772539719 0.80766278016238 0.498484985596705 0.0997741286999124 0.345353797737879 0.914701176401657 0.720080314850599
"47" 0.151167845992979 0.181917793079955 0.182725947584723 -0.807952391694788 0.873276478760296 0.545486517357918 0.265811888801137
"48" 0.27556651508226 0.414728402919953 0.895511975108295 0.366500495754206 0.0869265163970914 0.605517736623923 0.889530891557789
"49" 0.286966974986693 0.83127574829975 0.630042457498804 -0.558039536949299 0.421372645452039 0.237347712826059 0.559659143539402
"50" 0.309547607687019 0.615579524319745 0.592514632093498 0.491501695297741 0.0645130794538931 0.722524661171513 0.531495842046834
"51" 0.274605604920774 0.395495397798494 0.499540540600296 -0.834514893493405 0.191620963126691 0.288325083202593 0.234953249541641
"52" 0.315553346827068 0.702426526952702 0.739014317215182 0.154101191333739 0.505993656871533 0.389388777313956 0.445976784863316
"53" 0.253291101236879 0.915055465728868 0.417020550635707 -0.0661979966725184 0.759577450340639 0.909310815189185 0.0203446900080181
"54" 0.0282577227712929 0.0271408950549798 0.154917469067227 0.908486926221587 0.402194920148827 0.380897132034088 0.788735943394032
"55" 0.300481183261824 0.544515477320929 0.141603749583843 0.399329695399054 0.262132389825661 0.438444588146283 0.645797007327382
"56" 0.281941366057284 0.430289278388994 0.98595093425312 -0.357278551048119 0.0967973857498393 0.828276038701044 0.274907265599051
"57" 0.29562455030305 0.788979610220473 0.675493298681128 0.108989690819256 0.734658935062834 0.283459857096814 0.484179146054495
"58" 0.301790662170563 0.562292978623169 0.0534770679947059 0.527363515154368 0.771324217886533 0.197957731125692 0.713364084339638
"59" 0.245080596255303 0.34182739586106 0.87331351326993 0.418358705243704 0.925806536937077 0.687291514584011 0.949680501253704
"60" 0.215512664048135 0.980698727766363 0.896589395238691 0.067055771115143 0.604543888416404 0.150452646262513 0.394723077095673
"61" 0.114503970587755 0.132607975644632 0.520460561443073 0.0332942581561407 0.638459133170429 0.350119690835685 0.828171285628254
"62" 0.310147035840409 0.519670913482912 0.673078849911783 -0.987597832321271 0.609256868652401 0.869149854821891 0.916804510796289
"63" 0.307124808128775 0.572566935814434 0.327398017537498 -0.492257169538525 0.788703602750401 0.98039628796336 0.625036813087682
"64" 0.271314707417428 0.398109287444207 0.787859616771992 0.468792190660903 0.916739204591549 0.515418857384269 0.93302045717562
"65" 0.301338188649199 0.773433829395621 0.379034009258979 -0.578011791973015 0.197656734407088 0.806674395871413 0.497903198135054
"66" 0.227073552442215 0.93855771217961 0.804433822939693 0.747754433083563 0.51157446378085 0.840672229151201 0.534010099497182
"67" 0.300057245736991 0.741424529397931 0.50306042042481 -0.3734329735567 0.267350035395661 0.314635530217595 0.465523367242157
"68" 0.275210571182689 0.814183616160926 0.685264819659079 -0.704314600326455 0.51883513175829 0.33499766017299 0.33018514110672
"69" 0.259145284943382 0.365218888494542 0.0191650346355343 0.700179649898169 0.931864268572016 0.259899986688792 0.988325303320695
"70" 0.267365563117282 0.379990494818898 0.286708669186431 0.397233893076109 0.191129097192281 0.770954704461288 0.375716556829643
"71" 0.228537636921657 0.294055682412251 0.330833986823789 -0.667805215088531 0.440042724257542 0.62632470002294 0.576355821192733
"72" 0.107945525205869 0.119005998306267 0.118931943489668 -0.625581187224222 0.0360654484251545 0.425772554371667 0.517304596397876
"73" 0.303068315856618 0.753246302407987 0.2814486223602 -0.173496218185689 0.580060986488286 0.368837232403025 0.522972277546822
"74" 0.290857632757387 0.495428925158739 0.311961014961799 0.013349730935121 0.705139102802829 0.501055434630143 0.545498028505498
"75" 0.30087164801676 0.752952097592418 0.832976204636286 0.175450296721808 0.268566065435703 0.298610274240127 0.581733121536786
"76" 0.307931630027917 0.603186513405013 0.874649873219238 0.703118838660586 0.192160920232877 0.0740413035733139 0.0723910557705303
"77" 0.304544515155189 0.71216020340317 0.0356050379122253 -0.0542084756948433 0.431859386346012 0.743698691644084 0.731670741733982
"78" 0.282140359187234 0.836816335576074 0.487656129391975 -0.356003375735297 0.132399832722537 0.825294685238342 0.330549571373107
"79" 0.276782651384992 0.410741654092973 0.249434707193267 -0.965670126690387 0.0782903268198455 0.394471733609708 0.814211340936823
"80" 0.0964738870196623 0.108942316533067 0.746050710831431 0.0754393508404924 0.902281297527838 0.674773217493861 0.720514562881326
"81" 0.0536146514681605 0.0605454148243755 0.776171705788866 0.77573437205347 0.632998293187387 0.154252967584091 0.911268392005895
"82" 0.307744084571339 0.581587810760891 0.410384886283441 0.972622060753728 0.449578126080392 0.236111182978173 0.851438789185898
"83" 0.174301216429979 0.205352446463264 0.245493860464246 0.658613588426175 0.361092457107089 0.146566263978785 0.842803731165635
"84" 0.103724016102999 0.119949816015913 0.798362389686372 0.412016083416377 0.574926112681774 0.725225863476978 0.607641624144618
"85" 0.194513475002019 0.23695964745423 0.479914734797148 0.034478690282341 0.47509971699229 0.122123836167566 0.167438717518759
"86" 0.283667239916052 0.811065491219429 0.513555010272991 -0.583077832423195 0.575102653266246 0.147950222663033 0.470247990175053
"87" 0.248162377441214 0.347604344902026 0.924827284730057 -0.430622350091452 0.577119550444388 0.758470197385596 0.846128849777114
"88" 0.308751862749329 0.643468511719594 0.0219220259598879 -0.579709383561172 0.297780342618542 0.273397000941116 0.978826864062806
"89" 0.213557479260547 0.26652278947568 0.320917627483342 -0.66109470825356 0.0972249012493481 0.30108469599523 0.184526384198453
"90" 0.0295642582131065 0.0348489184976963 0.331536211296807 0.542134258375486 0.177090239905466 0.0331810794076101 0.767516192198584
"91" 0.231809492948135 0.311819405029164 0.386563367304667 -0.110357116664359 0.0395064228720348 0.348444103607064 0.72196643221402
"92" 0.0180839540495898 0.012265218550145 0.560348947661133 -0.758883445953894 0.724808498695532 0.460027213833681 0.0407281069717012
"93" 0.259047167915083 0.871768557077241 0.936096027658315 -0.0239194608235843 0.0398766042884285 0.0192406682768043 0.454557812434627
"94" 0.269720951948117 0.857366991772394 0.449813288301501 -0.454146291236959 0.591451336867613 0.247277465051439 0.366141471815628
"95" 0.262020232523425 0.886229761954348 0.039052770268865 -0.400105081783109 0.474365650598904 0.270035580072412 0.321390083257374
"96" 0.308508518506986 0.57530039005505 0.581473182874364 0.340901285621214 0.369714553211962 0.611667505052602 0.809636292141944
"97" 0.31425253124131 0.59708069129679 0.247627528036601 -0.282773773376119 0.770369419184709 0.71473247317233 0.356376404903432
"98" 0.296967732717075 0.750929615039695 0.551239329310549 -0.432733438212554 0.771242601195923 0.780885384283997 0.127848759664349
"99" 0.152235103108714 0.181128593318804 0.469376663358497 0.342869399422043 0.197345549019024 0.120221301914666 0.101766200775134
"100" 0.294099930300811 0.514151101453097 0.193286553305481 0.44239420700306 0.827645326999535 0.188448307848826 0.328391623521563
"101" 0.108574329561685 0.115940002052933 0.888355352398454 -0.377712219153564 0.8088090168853 0.456036862883639 0.761702008879282
"102" 0.192277658433556 0.233686004208096 0.579335785820578 -0.418602615145348 0.310817842290297 0.864869617133606 0.322920133631534
"103" 0.176266241578308 0.210572291351631 0.58015722657384 -0.362476033017741 0.430752528970252 0.79022482535028 0.68444993890952
"104" 0.301948441148183 0.687759659731297 0.7594068471707 -0.38218234653909 0.0476969112458074 0.97812375506613 0.487030820525813
"105" 0.298587543863958 0.460106983944367 0.355641949915682 -0.792599991862848 0.114242107552094 0.333563527646757 0.560384904397666
"106" 0.296412544200948 0.482918445124998 0.412228813335205 -0.825484814518327 0.979237331236099 0.251353492793051 0.00433859273382167
"107" 0.10962338101342 0.125640808402861 0.42524315892965 0.137974295229338 0.639333733353162 0.0373184377705294 0.309904798739636
"108" 0.239903037209335 0.920902885856992 0.0733498570641434 0.0921138152851895 0.394342165911377 0.138038190480309 0.597530402775464
"109" 0.304625563195531 0.541120525112625 0.103897914199803 0.336464756397686 0.756587674927487 0.975992915222078 0.189478903173379
"110" 0.29905115078819 0.777355288548838 0.440491153072137 0.0361832616678715 0.453933897525596 0.628092009723917 0.657742871625935
"111" 0.0159504534956419 0.017781048011607 0.497940373507235 -0.817200054176527 0.104059631154966 0.922874934495889 0.0564639679492697
"112" 0.29255115525258 0.768626744829669 0.985345126816953 -0.544514084993612 0.640570046668539 0.533931565950104 0.125903915890496
"113" 0.264976661594566 0.390557850067511 0.693021258839504 -0.938808423996007 0.391359032923979 0.856952146684296 0.239042313937284
"114" 0.268197136375602 0.836282907507113 0.0217486895908898 -0.333053913031522 0.525192656144517 0.490485210209369 0.672078696962532
"115" 0.312522898597408 0.610464171268173 0.546782579675963 0.846263052435293 0.0155931898028086 0.00982437283812779 0.403298924650572
"116" 0.0838520698766743 0.0954364707811703 0.252391790854161 0.603696364343363 0.650680237994876 0.858312104020481 0.491726693529438
"117" 0.241702321827279 0.935444926045031 0.26312730175687 0.0118732814373548 0.538606017369323 0.321509342844119 0.917695337645856
"118" 0.293634348756141 0.756144760241292 0.966005171399814 -0.0951531326379282 0.0115052353108975 0.685849769426685 0.967016420359587
"119" 0.224413490269747 0.969500986546326 0.46512660727518 0.252277908957052 0.290841798646165 0.0476131487878819 0.55600286057419
"120" 0.22089149503798 0.27722674949634 0.169040451794959 0.656013695628114 0.215207227450587 0.389730934068569 0.316261957348903
"121" 0.314139328069192 0.541315304020788 0.201970485041351 0.876431299209993 0.63830086280745 0.8873967748551 0.618325001935382
"122" 0.301203795363581 0.512064038195955 0.0146200452095292 0.20419782574129 0.290020644274609 0.638434269184789 0.0569176347551094
"123" 0.288967654434699 0.785045208476811 0.831034275669402 -0.256300452237598 0.347091830380983 0.792514628228509 0.0345496482183986
"124" 0.310024859806141 0.542610535366226 0.670982520227405 -0.071341735040555 0.736378981537844 0.545431800291365 0.267962777692885
"125" 0.0543807836733961 0.0602769070625297 0.0634628555738074 -0.749657114951098 0.00103466706704599 0.132691682921692 0.016394410843504
"126" 0.21320807972437 0.971010180416079 0.450337786616352 0.927747397676916 0.334838914136983 0.970841275745767 0.722472316183672
"127" 0.21194042095354 0.984746697551411 0.894370855071847 -0.546281730669225 0.429858555414383 0.916796170103737 0.581782120049624
"128" 0.180168923244715 0.213463493250405 0.329073066927306 -0.325888568252516 0.486678850424756 0.70582513856041 0.412723480920886
"129" 0.313537501032022 0.631687305725869 0.911807542121031 -0.310548970148476 0.272099355607449 0.0779355576286549 0.747308046659472
"130" 0.121146172530414 0.141433398802333 0.387519156933759 -0.916139359948455 0.358880485325852 0.674913941273023 0.947093087713086
"131" 0.280767191414601 0.832944669586721 0.414786828047517 -0.233579419689374 0.93377472488795 0.0892693515792548 0.700493009458889
"132" 0.301937230441767 0.715920888565375 0.792048777860158 0.371981629489963 0.0469077699251511 0.38752329200619 0.815561402504512
"133" 0.29190793270086 0.737700607497647 0.953436112570276 -0.932899074173301 0.91947927308541 0.742988248947439 0.663134501998307
"134" 0.307589179801563 0.718178788055942 0.355212719385569 0.670007961420728 0.644150268049737 0.81560871928153 0.589155783537869
"135" 0.266804358642454 0.858077047504491 0.494722349313611 -0.810932822682435 0.924381924390663 0.160547300333585 0.0124458560228204
"136" 0.311375880375876 0.544028921788096 0.547207062556192 -0.726034538591091 0.0190292557138217 0.478640990927193 0.539078985836457
"137" 0.0628448480339012 0.0612027972774072 0.245807025145707 -0.249420701730881 0.894989142929609 0.0961711800199946 0.18316332392813
"138" 0.256970867002004 0.889810083685559 0.112760881766273 0.212894931966939 0.392833000679795 0.963123486221229 0.784155911091815
"139" 0.311675284975258 0.560473737907256 0.898309226345345 0.577056828892748 0.568362561105614 0.883400517689834 0.0439257002753545
"140" 0.296395201978869 0.723227469118152 0.538940976862731 -0.166094833414006 0.775717815698429 0.781513936714013 0.987753403012806
"141" 0.30341729633112 0.634681262079091 0.039784107421314 0.684431009311613 0.842947069633051 0.452469279783221 0.164927529242105
"142" 0.323011730266148 0.641311088668347 0.43037061638131 -0.25301488736344 0.92078226584073 0.355533059209324 0.44191390925974
"143" 0.202953999305239 0.998110760610327 0.619902826598796 0.966840388277266 0.293880461046271 0.312424773579546 0.908318516083586
"144" 0.188463972113726 0.231160724554544 0.319560048977959 0.424295351899563 0.241090914501555 0.651743949754802 0.66755302340049
"145" 0.123490017996504 0.144815479433541 0.604220186285162 -0.326357503627045 0.293405567302452 0.607711593016053 0.323766942215973
"146" 0.146332796240922 0.165650589031941 0.596538652684549 0.929410933590837 0.619001986168421 0.108240047356563 0.843568318165422
"147" 0.321749604076191 0.658635065657108 0.405177375133357 -0.644259705209643 0.18991413747476 0.706964223424103 0.131604357476744
"148" 0.279726522003559 0.412532111119171 0.756218146833911 0.850359499891004 0.6523489257527 0.261833963324657 0.800166954620445
"149" 0.230167022374487 0.960741038162759 0.067642804949941 -0.0418556858100888 0.000657643223365254 0.57111027459403 0.760133882311137
"150" 0.250101829426089 0.343580992534954 0.192976126479691 -0.713925033224841 0.526792253035304 0.947577184554202 0.843413870881797
"151" 0.147303946549234 0.169591540767588 0.561060455558024 0.858787091827885 0.309672963901417 0.214601198592468 0.7844569471588
"152" 0.267182265713507 0.392703035306705 0.108946454399466 -0.529033127249892 0.188871825180328 0.326358358814041 0.877252620753959
"153" 0.205407621418586 0.255377222345784 0.31243497831432 0.349338006382414 0.527300117462507 0.154924269119335 0.560406196295398
"154" 0.304126446200901 0.56590051080736 0.652564629151822 -0.31298850292843 0.0170206468413338 0.304368214753593 0.901090122625871
"155" 0.293232753234375 0.489598195496114 0.478611003502991 -0.671893370047636 0.893968100181167 0.14903859235347 0.270423910871188
"156" 0.280079664178249 0.399135944671062 0.853268187837625 -0.754297376119964 0.0648892946767093 0.989518139469384 0.823027887192974
"157" 0.314755004092053 0.572758770346135 0.771835110742064 0.820057236256987 0.56210844682496 0.0517337275111618 0.337853248760448
"158" 0.0449993103530941 0.0445055156613577 0.262867477879961 -0.608916950098874 0.775607814855507 0.606622809585543 0.280023370693638
"159" 0.240817668414955 0.917141042362279 0.970923137141395 -0.658182519465211 0.580434896687618 0.448166348323832 0.22134207655656
"160" 0.271284950388005 0.379136692467246 0.457988936514989 -0.94770256316339 0.788048922064289 0.864701294539932 0.581072603553324
"161" 0.286729207901194 0.778035635322196 0.88430877424223 -0.452336328589813 0.878812431076771 0.638706084538918 0.885098836873788
"162" 0.308519280150814 0.709593186526416 0.874427132047909 -0.0130356759092353 0.230853429999555 0.394255736145469 0.125827214953504
"163" 0.25274003679012 0.90019704057858 0.173605154992517 0.943104871587319 0.461134730585856 0.301968560276893 0.0907804046017873
"164" 0.133012824022646 0.158705276439594 0.240005150651809 0.161232863910598 0.11510893025963 0.000414284664711731 0.942792142066352
"165" 0.314348437869965 0.57798503507415 0.135706912779025 -0.337200742246992 0.613899642529694 0.322336143591888 0.676577742613892
"166" 0.294903683892561 0.801637482070503 0.818235535219543 -0.40538352246391 0.165675459536839 0.645566630707555 0.910146340334425
"167" 0.206652338094351 0.98001542520784 0.44289013653089 -0.269105021370073 0.824431943819356 0.683686926776283 0.349290860037436
"168" 0.315486403369306 0.57095569413127 0.288027687210068 0.867716065488044 0.406616189884061 0.374392091732834 0.553977919562582
"169" 0.250096828247156 0.88650495894091 0.50983765186887 -0.15714222651105 0.699410986033614 0.780312300032228 0.468159769283895
"170" 0.191670587908227 0.241924889227463 0.534463470142428 0.088187142587948 0.02033105707468 0.781819301102873 0.51950882749116
"171" 0.301240571633406 0.706977079168715 0.0979039139030534 -0.00168806182945074 0.92335403106586 0.929561673511944 0.539366310273342
"172" 0.297311451404438 0.772529559369699 0.910025961530721 -0.867704961561279 0.694732645411135 0.822818352176393 0.121495754288304
"173" 0.296960187574217 0.49404236040097 0.245900974410447 0.33333620832626 0.211488290687456 0.211204369303423 0.755231675246774
"174" 0.311933117097706 0.597906174223051 0.0105646732722996 0.991722073936414 0.573580232752647 0.505559624441993 0.524105171676231
"175" 0.00841383970350396 0.00751364267497269 0.0920334393491399 0.887622560054411 0.00379343931307909 0.681960934272007 0.562812278062327
"176" 0.2057186343437 0.247807401824729 0.716327413217188 0.717989560529084 0.394257536624923 0.254708954826804 0.752272840466525
"177" 0.306390561181387 0.546409055742687 0.768261765548598 -0.832172408022886 0.200886184997933 0.138968271181313 0.694487605582322
"178" 0.281078156157117 0.827673259227546 0.152110383761805 -0.988382457658544 0.600102605023734 0.0510336259880555 0.375145049074239
"179" 0.253955872968239 0.883771220414064 0.536780381959472 -0.126981643590187 0.642635172854205 0.148357156631138 0.923146296295903
"180" 0.2421713077454 0.334192021636279 0.0834342023251378 -0.925238342361892 0.118617888463782 0.897940147382103 0.227803059244304
"181" 0.248700855549271 0.318051768502865 0.743092778968461 -0.876754160822571 0.564940552112561 0.240537663929126 0.109706335891718
"182" 0.200193143664164 0.259157213825896 0.529297296678144 0.0938184697912638 0.294668166733109 0.024401443562354 0.992092681665737
"183" 0.281750219095312 0.423423725662784 0.986053655878445 -0.527313450277131 0.523772847127345 0.106590697115954 0.245400761729888
"184" 0.309988452739873 0.605650183971794 0.18298766181372 -0.969772506438354 0.628613136185224 0.919951524201296 0.583512856245664
"185" 0.296577624049563 0.483905156062048 0.460978046032468 -0.154844358146104 0.365646909236572 0.0915468358531925 0.946946430477513
"186" 0.276342059176984 0.814075825812242 0.333638480258361 0.86253184694951 0.92834692613598 0.0123180466615953 0.28595065057225
"187" 0.262479556324491 0.883932108259266 0.274753681418664 0.971004431827209 0.495789259701075 0.89909148821864 0.589712513764436
"188" 0.294497314396344 0.469758215991247 0.161931424094768 -0.578844157839097 0.548379889471228 0.00698303395241291 0.725897135442729
"189" 0.184977410583357 0.222141351831472 0.638474129094421 -0.685597776343193 0.625229498149766 0.0303435147068117 0.28298597476936
"190" 0.193486558413555 0.238866218757856 0.585425808273388 -0.68881363311625 0.189748143886126 0.0339944404714842 0.224949591511282
"191" 0.294275364906598 0.472699486259719 0.066784464030333 -0.980924937648789 0.840775262769604 0.403045704083868 0.434928003806859
"192" 0.308350619415095 0.577348436715192 0.536725124958629 -0.28324430573611 0.499683661371051 0.582536481359878 0.265951564842352
"193" 0.238899958825421 0.321299633670208 0.555873431177268 -0.308688242967975 0.919803240177937 0.962664628455938 0.574743251443514
"194" 0.292567965430306 0.472155775690545 0.0841029913847852 0.939336346784132 0.3747816665458 0.12609595391619 0.656522219198901
"195" 0.250481922301587 0.915855076512754 0.931682957054594 0.51232126205294 0.568715427604692 0.561908073228989 0.884756461956851
"196" 0.210072904586833 0.276830503619449 0.444356044620755 0.676765855347574 0.010573432361538 0.27941612995196 0.621292138525463
"197" 0.254606198253399 0.914386220786798 0.269838601845882 -0.107947361993848 0.595774989323969 0.674409625650664 0.639053398725369
"198" 0.27516836665806 0.413790702602935 0.950746785326705 0.977505850447625 0.919002760470047 0.368433878671901 0.768609817342563
"199" 0.0330870715537984 0.022222252707516 0.283595284677069 -0.258978546100561 0.659812960131349 0.505348554605734 0.131422310680114
"200" 0.309827850836681 0.708032542437028 0.0314665265719028 -0.0471841822877317 0.556897236927092 0.799969980352036 0.829335815855733
"201" 0.271357157676653 0.412611442111242 0.433194685053195 0.94498563151737 0.475357176939559 0.640457682827301 0.966246388149273
"202" 0.136740510484636 0.152869315304984 0.176494818346324 0.77363632105206 0.635983690452903 0.878882807867514 0.992583799748083
"203" 0.0966118881021853 0.104519213023595 0.553771330785108 -0.640979135484356 0.573124130072496 0.547313118083665 0.293315773599241
"204" 0.307228231928793 0.550031497470697 0.522592284180968 0.18024437676436 0.676785887864294 0.939543630793941 0.822629100202316
"205" 0.298219504339359 0.465473742880518 0.983404707989697 -0.747307716039942 0.782670286669261 0.345206075302061 0.845509993812553
"206" 0.316318303562644 0.67561202019623 0.0332478172880472 0.140802331801244 0.324083927415651 0.552091305105712 0.0529629469421443
"207" 0.127934100333009 0.147426088262495 0.689578737465753 0.0905420737882963 0.217699191365724 0.195773506472094 0.145635188159561
"208" 0.292751226413245 0.790740726393198 0.128861584654825 0.171062426544024 0.958824297747448 0.146859341195492 0.415850458083883
"209" 0.0856632318278491 0.0889455775033404 0.884626964806209 0.554174569032227 0.642257091260859 0.761652186378756 0.654065948921656
"210" 0.042254305759411 0.042974801719831 0.898717768707614 0.219841149804871 0.681240515247459 0.654421285521152 0.0626186756474628
"211" 0.31244639432418 0.665773495212404 0.890955491997009 0.0232993973992473 0.659343751413631 0.784069582374411 0.562871914607789
"212" 0.314508379475792 0.699207342563925 0.369632179123232 -0.477262921694361 0.42265501243813 0.733648866787312 0.785550494770171
"213" 0.304697506823443 0.738268345026256 0.838983007825088 -0.460915295609828 0.689710143129274 0.391284919434056 0.878294795678304
"214" 0.0862665937111185 0.101535978754862 0.173060043714123 0.176184996880237 0.411683105079012 0.281497371744237 0.0907914403091696
"215" 0.210472939932833 0.265169722995558 0.83703841457702 -0.466409173098651 0.789909599651861 0.208777595410529 0.536341374637328
"216" 0.255781367752663 0.890222748547404 0.0784793366500414 0.567669706902304 0.561803369749128 0.200530979482095 0.0963751499182617
"217" 0.169897343331042 0.206829857085974 0.551532746925673 -0.346415649413703 0.418431240141787 0.962054118771864 0.0781832140083678
"218" 0.298523267893848 0.528881817825003 0.366033975997723 -0.65333466974404 0.781083447967041 0.469285682684607 0.50744152757056
"219" 0.314504798632602 0.646111365731611 0.102725269125508 0.0412916053525763 0.868379211198277 0.677226953642258 0.0815008052047732
"220" 0.248409916874666 0.888735934127372 0.821158074261826 0.113481909410152 0.282782142939671 0.670651833176515 0.266262844992492
"221" 0.307885379796813 0.642869667316994 0.376341788396028 -0.0792410153621182 0.877406399813604 0.414872910895749 0.119273638773923
"222" 0.134720350891258 0.145984493979433 0.399053406203889 0.729228663416477 0.672194696687278 0.0634362588624335 0.817357651891744
"223" 0.235582037850313 0.304837780633536 0.494781528579667 0.753929509738772 0.435709737154568 0.165823166140173 0.989766206795203
"224" 0.314020638645314 0.606602340977007 0.0637133166315895 -0.537517978065587 0.945852988338429 0.370042539194424 0.106101883824261
"225" 0.242028833418856 0.338771669535084 0.452162154728949 -0.373866176177786 0.205028714296867 0.364518736214353 0.985257724284569
"226" 0.118853214057635 0.126172720744257 0.255093009224941 -0.0269152001939625 0.106619422830837 0.600354287511132 0.194863582852209
"227" 0.21817315105281 0.974675071596265 0.913396408079763 -0.488751705889673 0.76807114453027 0.0337808947140412 0.987186801464962
"228" 0.103348285995144 0.127622501818808 0.743113883903177 -0.197218889142743 0.308318314172842 0.655532112426748 0.309037983948342
"229" 0.30127765691548 0.490210162234426 0.14285588979582 -0.595373913142312 0.581889563713462 0.693497605679441 0.123315471608568
"230" 0.295730543075807 0.485182005194448 0.823276665816444 -0.884369035938 0.116816663951116 0.0481395439740795 0.307509828582882
"231" 0.288773073673911 0.743573679510347 0.236111896604131 0.455775898835013 0.396751689381048 0.208664838085483 0.342548485205063
"232" 0.197938035710444 0.257957490546433 0.563525374562777 -0.958841432686667 0.705661907507497 0.583258330430308 0.154382170902447
"233" 0.250220869049952 0.898729347143253 0.496408716834386 -0.618249138024594 0.145938248456259 0.657953087439351 0.229747080660284
"234" 0.311068092037313 0.721574659246842 0.0693979678756505 -0.248995118027317 0.604189323883359 0.345949762025278 0.526788525183688
"235" 0.237419721625031 0.922323606871839 0.384314349139432 -0.64882296089902 0.986949258317576 0.496069064871959 0.456256840122264
"236" 0.228549828219005 0.953607351833565 0.584033212968825 0.696147282095308 0.855300422967991 0.655136610443801 0.55072321499475
"237" 0.286649377817313 0.792243845478334 0.71173560271063 0.876709831961348 0.434613031428193 0.722362856206362 0.0452121443590443
"238" 0.302073754889165 0.741077241055683 0.685428411599507 -0.566446415805457 0.837028573058067 0.329552957915472 0.287751264835769
"239" 0.301680843505956 0.763429023044472 0.385774845779214 0.96859411650048 0.0918250130721374 0.747339871816033 0.273889187716169
"240" 0.310523452005384 0.635047797134598 0.889150002725236 -0.358474789784 0.643725239647285 0.187099292854931 0.436974127285792
"241" 0.297332135472544 0.678400604777812 0.624998640036145 -0.196693804793132 0.531941258731247 0.544504056744474 0.990616285020529
"242" 0.306997437891411 0.666723631480363 0.688375847689383 0.651328245987248 0.945852058645624 0.0551246608295314 0.905419062200739
"243" 0.310991972496204 0.663207678810506 0.482024918371156 -0.723348610442251 0.340132178447091 0.479375921122309 0.877591422651665
"244" 0.269623137189875 0.389255363253205 0.0430168798071125 -0.67941552035474 0.0716077075093992 0.747932805346796 0.396465193355633
"245" 0.288108954392327 0.808006541585867 0.984721344854226 -0.642904711124529 0.656093773308095 0.210264139979831 0.795788899884581
"246" 0.309680141311248 0.533253845273703 0.879207125603008 -0.861771371506258 0.856262226612899 0.855246704977778 0.270729242198095
"247" 0.242332986939694 0.935794087975559 0.347637620127905 0.971894180205183 0.860181393315487 0.547110719559488 0.314644658809083
"248" 0.288234143073932 0.821328877433298 0.587108531528752 -0.0786938507501783 0.934153321968366 0.880461105177158 0.810363101436646
"249" 0.317107129189598 0.565726016338684 0.658663201611942 0.391352033336 0.821942304019816 0.851767143739286 0.673994182653443
"250" 0.295737143143281 0.695471097635568 0.547978043551425 0.510829195206164 0.903168924585715 0.993740238644641 0.837121186573339
"251" 0.299135308897681 0.496357539957941 0.0834090305373721 -0.961949152659025 0.95509236484282 0.187739976227729 0.782424918782055
"252" 0.233243537963616 0.303222464413911 0.337463481862192 0.125856816810141 0.820902069273319 0.440741531940698 0.576265165550437
"253" 0.0459683473493072 0.0491429791370732 0.524044889258532 -0.0746381304982889 0.310541631791894 0.947287596304859 0.710870873616343
"254" 0.320404887562488 0.611249424549723 0.143673214568763 -0.0934048684845242 0.863483976247876 0.572366379213568 0.178635506461418
"255" 0.308014963788056 0.523570580385318 0.553461694186561 0.254992564217759 0.450639173093473 0.0683521470560801 0.0596951489375418
"256" 0.246920355454914 0.921465685745902 0.539833042138553 0.181647217781893 0.433596319562764 0.956468985636148 0.176821384760283
"257" 0.308747121805255 0.64794479631179 0.995161474913728 -0.0903664705800419 0.389729347094825 0.545061903626862 0.204073684627033
"258" 0.147710461576913 0.166668811269829 0.950580827361162 -0.0423884768543772 0.828989443934943 0.622580313705072 0.280268940910683
"259" 0.017380551997548 0.0115590108102826 0.621886836214099 0.252920701542754 0.695879423232498 0.730089193875564 0.41664380525749
"260" 0.2755358394971 0.416248147278003 0.272037731386686 -0.324224693569992 0.65457502639657 0.580635771102328 0.773923730472134
"261" 0.215134278080999 0.276932196366111 0.331741253147409 -0.934858919924743 0.322882666056881 0.519920093739261 0.987301278011563
"262" 0.183269476252289 0.228338791638256 0.768471885901446 -0.503550471909926 0.0228860396333729 0.759558380811509 0.343089135215278
"263" 0.175070170542545 0.216964118445417 0.312385094346502 0.158452312917933 0.106581009730895 0.740084437871716 0.201427177502041
"264" 0.243567045179268 0.911224875257996 0.781506891956887 0.963110070751723 0.789459112614276 0.139953677568204 0.983870696426627
"265" 0.101168765871071 0.104899776591722 0.114178432791753 -0.293899077719778 0.0439651098904998 0.0373109462113764 0.730935019448978
"266" 0.245146836914838 0.919067018471179 0.520209543221534 -0.9422366332694 0.92117074402131 0.214532443932897 0.317687248131015
"267" 0.050415779347016 0.0543356678220022 0.0900130937161677 0.147889943272133 0.968307179726635 0.162237530747756 0.721682812578516
"268" 0.226392892014573 0.939201349474928 0.259599518030113 0.817244213304202 0.401709753683682 0.661274133609845 0.358497227907047
"269" 0.304801002842313 0.642140341821404 0.747029675259761 -0.920026041419575 0.471223252130308 0.88503010433313 0.308604536622237
"270" 0.208983351998079 0.266160680530924 0.699893909873891 -0.127075098788277 0.984334360049466 0.0914725454119708 0.654074646310771
"271" 0.258201431760138 0.358707773874332 0.488225178222833 -0.320797412825251 0.780507223295398 0.844194922035687 0.938719732513117
"272" 0.150262519413182 0.172923751866478 0.164035655120252 0.00551902482937024 0.448120644597591 0.588765200335337 0.846291772096578
"273" 0.19255769569373 0.239775916299175 0.405149008210514 -0.121303913470175 0.448961488526312 0.386612569544328 0.240195808690211
"274" 0.17352833298322 0.2033466404062 0.586924005318478 0.739461873613314 0.0241265676492653 0.37940191126326 0.417554442270502
"275" -0.00129984499317947 0.00976453675679482 0.434071643577633 -0.764918648429001 0.24766660819637 0.10759057439371 0.75436103155536
"276" 0.295980164066644 0.76275672359704 0.192138773613811 -0.26373280115808 0.689121283203649 0.649003031894712 0.664255199061027
"277" 0.265113774859883 0.388339320145216 0.829324293299451 -0.361834562910159 0.916442430256872 0.560134486646385 0.779943827360011
"278" 0.153497613419545 0.187230931116276 0.83387238426261 0.29433677956044 0.590699838908754 0.448443136009428 0.742865765121784
"279" 0.271343775292797 0.864703627503094 0.372375899565915 -0.928948205481569 0.511577274978178 0.76099657995796 0.0732906677863698
"280" 0.276268771856064 0.838867499140194 0.906214218468535 0.287706139228045 0.44214661209064 0.0820692528668802 0.909571402517811
"281" 0.129745279052846 0.142262767206564 0.773217952537661 0.944392973658102 0.381088183323467 0.492635508409745 0.98413873759584
"282" 0.302315987349362 0.480590946498075 0.20055907701987 -0.877943341762809 0.967070848948959 0.952012859056395 0.0252409389359214
"283" -0.00157386587451492 0.00627734519208032 0.451586707478863 0.142726075995486 0.0332922646600732 0.667173629340743 0.19838652602965
"284" 0.0762378610989343 0.0760630161550612 0.933895810332692 0.804617701415085 0.113148437238968 0.728356795501479 0.372185564463632
"285" 0.303119571483419 0.63977229061365 0.143977605259824 -0.260039920706373 0.301169051472834 0.589500627391071 0.815676537030544
"286" 0.264649378799862 0.392406139667257 0.393183701853782 0.802136903359666 0.341604233964738 0.404955516390211 0.325485692522727
"287" 0.255445381345235 0.915963868266084 0.0790608996629406 0.0869226919207536 0.68587335540486 0.63403843759559 0.972446780714423
"288" 0.304605595355225 0.684463914569582 0.282804996432606 0.0702359715032117 0.182103260391736 0.81051948214603 0.703871279117937
"289" 0.168606780703679 0.202287246723601 0.260116823041881 0.389921862423361 0.591911168330704 0.071521737816865 0.496431273235405
"290" 0.237797872453582 0.311737963892868 0.572826695430082 -0.484191361281975 0.302325719009095 0.929010813179018 0.876093748544226
"291" 0.222105106650199 0.302770655363867 0.286434661266024 0.341857606337029 0.0565170829080868 0.355196900172382 0.223367381482482
"292" 0.321895932031628 0.602908153646834 0.718411285530205 -0.602919481789519 0.99607171727878 0.98497636054528 0.0219579168053453
"293" 0.262741095303794 0.35862990016933 0.859414108972562 -0.694498134417369 0.372083418162854 0.519297300608325 0.307547786964555
"294" 0.294816965262059 0.749620258789746 0.643935635438797 0.466105330490952 0.677269919279996 0.842660604108452 0.151058307481028
"295" 0.315168389521243 0.661588922517955 0.234043277958641 0.504378385355394 0.814040922168762 0.234842925529771 0.140248398569335
"296" 0.299647572864247 0.501137127689208 0.839953413631374 -0.234008057432639 0.923219063093319 0.59638818564097 0.0992543212242655
"297" 0.195868340786761 0.228998973647083 0.681474358715738 0.404126258813371 0.723202605831004 0.664270190095576 0.575447303171512
"298" 0.269367328047729 0.386971363911881 0.675233028700685 0.585272725144571 0.851425805384425 0.39797787968521 0.913244492829511
"299" 0.132223410762991 0.151375343204958 0.245411055173143 -0.430875159246389 0.633529996446855 0.481650214917782 0.405631016327825
"300" 0.295621737724818 0.761725251897902 0.714236048180866 0.676301018956726 0.717080252979112 0.979170766348839 0.80820605929635
"301" 1.1603228715069 0.191569721290493 -0.521312100215097 0.867540538182583 0.337649242307768 0.877614018168234 0.639697469784197
"302" 1.28026103138353 0.813002039237047 -0.330789555517078 -0.11805476796706 0.483309745213116 0.896569608358312 0.56850992358524
"303" 1.25501358961533 0.884965876832815 -0.680686907512806 -0.456792589512854 0.289492957576768 0.925340296111717 0.757585291652414
"304" 1.24554202911123 0.344932145147092 -0.337859551951938 -0.220008277977286 0.561728983148846 0.158411836938388 0.290117397053265
"305" 1.19148660412855 0.223293931327094 -0.354378554204185 -0.79083267121883 0.84287921044018 0.323693387053959 0.649636289133771
"306" 1.30108732753672 0.637164875988451 -0.168727726464944 0.309858141106203 0.21367296563554 0.0961953636744608 0.60588462371938
"307" 1.16611908585127 0.214279678782954 -0.553538619106643 -0.565423560470366 0.648442590347505 0.739162917655401 0.25651419310713
"308" 1.31024374900883 0.658123028438909 -0.112964382976431 0.256937221261426 0.799085620373909 0.94655472316858 0.857849919570792
"309" 1.2230058700354 0.969764511732156 -0.646947323941869 -0.934346702495616 0.119810408894104 0.73668279806851 0.600649313520421
"310" 1.30225580966534 0.67642898082203 -0.885470848106299 -0.699944750775702 0.0652905797074643 0.575306106513289 0.610869770650964
"311" 1.3029732664074 0.63403378051683 -0.912524204888622 0.172892132532216 0.76024827410738 0.869888960369142 0.970995045026524
"312" 1.26467344758932 0.86783021327776 -0.335154858816464 0.822310588099203 0.224947810822433 0.185883399952144 0.993354598436914
"313" 1.3071142142343 0.710275841350056 -0.65033140738237 0.762808442736081 0.187960398871396 0.748965796265957 0.506313661186314
"314" 1.24599681385376 0.358225873091952 -0.0430904021400036 -0.354940252804098 0.154417250798733 0.864160447089321 0.173457721965203
"315" 1.30927149919622 0.666819661552666 -0.242295937938046 0.850858630374678 0.2021760908078 0.538028872318101 0.547504706280534
"316" 1.32270876216843 0.642332370999533 -0.193645184225915 -0.0730641133145745 0.348698230117846 0.190835989940419 0.584030295367889
"317" 1.12461535755035 0.147696630265773 -0.895871088919506 0.420546401402366 0.635566816711309 0.391709086130254 0.54212491348432
"318" 1.31835925974553 0.679821812408729 -0.654187690483183 0.58947770055648 0.438781191656945 0.516237582400771 0.77565284407134
"319" 1.22435847466984 0.96263313508306 -0.770387810478142 -0.845999424803974 0.463564026733236 0.290593341328999 0.29109057913228
"320" 1.27582122642756 0.849636563268584 -0.625287404996292 0.0830324136816762 0.97372502240697 0.298699372245341 0.56685209411784
"321" 1.30357488334785 0.732683940184829 -0.639005979968525 -0.373501446724008 0.179575256852352 0.547460463566654 0.846093469296452
"322" 1.28602729696209 0.447013062420002 -0.495898048427607 -0.474441277255254 0.286475050166904 0.0855967313526478 0.953605183016015
"323" 1.23170783772153 0.31806589084624 -0.127206619237311 0.280299636372906 0.552349213950484 0.501984219861384 0.542908462911137
"324" 1.31544317176782 0.701600627259568 -0.293079362008839 0.312449466201823 0.981444344422879 0.371452002148613 0.849502406943706
"325" 1.30835662211891 0.576147631471676 -0.982989357659078 -0.678949835528984 0.475006143283397 0.164462266305497 0.668445961558437
"326" 1.16265739173265 0.19158073394764 -0.917839842594854 0.895940295270547 0.13762996826019 0.575612507697056 0.505343508234119
"327" 1.2858337305432 0.461347489608516 -0.0118376725498205 -0.0354516225340631 0.00874648006150216 0.589798230137218 0.12737898516814
"328" 1.30907782949124 0.56672865591933 -0.601777007842813 0.944479344285024 0.0966907518710188 0.825201893374788 0.926926761586398
"329" 1.21260509538961 0.282652581062107 -0.997523593363563 -0.468193345792642 0.222599875717604 0.260094161168576 0.637203451604191
"330" 1.26392421331759 0.885794445696577 -0.612848839599769 0.381050949743622 0.658341231042281 0.383990798115285 0.0413652948578776
"331" 1.29942330521626 0.73289334015963 -0.63544454825401 0.375700290115937 0.92600664487327 0.207752615728542 0.697855097510354
"332" 1.28675316464461 0.81504901604033 -0.874307745568457 0.573867193973711 0.933064756933011 0.182747131216201 0.28008906875237
"333" 1.30575067347308 0.530106638153591 -0.406606106686888 0.541504694994767 0.661865127894084 0.479436044283839 0.833938413872195
"334" 1.21124225342406 0.990775353294163 -0.715699299672957 0.888825120608235 0.281241708085471 0.092523310157668 0.0922725634166722
"335" 1.22243700605421 0.955464978408235 -0.650104265246002 -0.969914954794178 0.644977047377086 0.0649854157857985 0.592117826026051
"336" 1.28938584551338 0.777477509508683 -0.484198376003947 0.746311495600453 0.552744897308512 0.843645789771882 0.756952997400943
"337" 1.31219706184903 0.549821553370655 -0.150767526207409 -0.135131862272375 0.545693642810052 0.583882327994221 0.538228667795556
"338" 1.21744299953129 0.273408689272825 -0.369416910418942 -0.853048592674105 0.205734475933195 0.608777421672294 0.81854368240039
"339" 1.1209017544598 0.125745922595996 -0.561702607160933 -0.0672526252429341 0.866939530084706 0.351221834787666 0.352343873187789
"340" 1.21940198615037 0.969778100893331 -0.276455950109017 -0.226983330029187 0.489122504772963 0.0288633373574294 0.0447844912566185
"341" 1.19193615926056 0.249078927749865 -0.452561075830065 0.49828875964602 0.121773719631353 0.876901486282123 0.636002984197955
"342" 1.1236580342922 0.144201014655133 -0.680744705394585 -0.918879321107385 0.650401769970443 0.146992669574561 0.558005269399168
"343" 1.21780138533368 0.958474346055338 -0.0754888380648751 0.153238066908326 0.234347070042088 0.449001783363608 0.407055386264697
"344" 1.21978218108764 0.963960941299767 -0.504469445657368 -0.749461975853911 0.489652064360592 0.957234892552918 0.10639500085501
"345" 1.22135443120391 0.953029020277326 -0.944682747706308 -0.0927411127579751 0.696169059212125 0.070339720377387 0.617769918752868
"346" 1.19703853385053 0.990439832446046 -0.783977185857309 -0.426580560097647 0.718818187367679 0.105061643256997 0.650950102693779
"347" 1.07410230451623 0.0816144968792366 -0.73716133980303 0.500876255143029 0.164849719099873 0.278107812825224 0.62735638592628
"348" 1.28541053387305 0.455083072804212 -0.320417279761004 -0.0526343355765431 0.571627720235513 0.267830990885581 0.0781562920325689
"349" 1.28907811387076 0.780287123587849 -0.98246019993716 -0.23238152319923 0.426444607251435 0.63738034702258 0.96061872709745
"350" 1.30852729905895 0.696500773046203 -0.104680228459995 0.929108013691024 0.428606533247549 0.88143444255422 0.517187190143144
"351" 1.28427763228691 0.80695106644319 -0.741019763083223 -0.774454419754101 0.37150295550763 0.0295168175686845 0.440849080611162
"352" 1.32133305727154 0.65937800033731 -0.933599021096853 0.246988061902466 0.449454668324108 0.781544195153097 0.613618752833619
"353" 1.27923509802134 0.417273767942782 -0.429860115146941 -0.762484109866595 0.00822124437196619 0.587479199095553 0.127138640369484
"354" 1.28069435671116 0.401140041751119 -0.136556469230853 0.982588084735517 0.223093674612112 0.548997334249189 0.399178265367886
"355" 1.30524301820419 0.733973927951087 -0.436391344705923 -0.663923768581856 0.440238032389784 0.755137608868215 0.539162025355199
"356" 1.13341960538264 0.142011768309969 -0.816636349973353 -0.0880354904363356 0.283562229708988 0.479863973290591 0.904085722763518
"357" 1.31742443827496 0.592644108056551 -0.105059939635095 0.81475265660988 0.723862859551673 0.239791895699854 0.931782844199527
"358" 1.30971327599207 0.680804302126005 -0.971664327919991 0.931312272491155 0.645796488580683 0.839434729563637 0.85672678267564
"359" 1.22093484955391 0.953457873854609 -0.10951171577406 -0.961545631988321 0.232679432117688 0.793945521149009 0.659335554377594
"360" 1.29941881013873 0.698213602935064 -0.545708906489297 -0.81512577332234 0.980752251808641 0.605149450681891 0.668474026732752
"361" 1.11524136463942 0.133705241794393 -0.972577396150701 0.321768606763303 0.360987314275783 0.999839337069211 0.798115267187351
"362" 1.26081752627922 0.898032910374656 -0.967689717719206 0.124921248057769 0.662907402004288 0.00551248880722506 0.223166711493087
"363" 1.25560328533544 0.88808132445461 -0.107942880935063 0.784225118607009 0.341174395048123 0.79255045644252 0.312752928597063
"364" 1.28141668512995 0.812120607802897 -0.814376355938213 -0.326740200622464 0.676804746448851 0.35638735399781 0.429711319594633
"365" 1.26046762226575 0.878460970176356 -0.940003783097674 0.0473705241114528 0.117596744434005 0.83670025482626 0.924520106124734
"366" 1.19139746644533 0.224461913269031 -0.554387045165642 0.714045730773712 0.873385046297705 0.534738273179522 0.0277021091342994
"367" 1.07143010280045 0.0785353117006237 -0.31760127820565 0.738114769693434 0.439896515919472 0.666416005374521 0.969922313872688
"368" 1.30604321276423 0.775622513920414 -0.952572783719548 0.186265334194337 0.0545293135433684 0.106358334916302 0.856471884331236
"369" 1.23574829716482 0.324433845580146 -0.892924152717047 0.322315708278135 0.464783407904894 0.719292727441734 0.584038414871318
"370" 1.23165965767299 0.944535420616942 -0.279197972284904 0.402888744324646 0.09222979894462 0.486126542583648 0.191704948869215
"371" 1.24217258306446 0.89509386782989 -0.0277942518659878 0.546096400494699 0.697268318625123 0.0992603261596868 0.189852389155258
"372" 1.1913061565105 0.240670447018801 -0.0829366499676423 0.119023695065856 0.566152713904102 0.0380837253577576 0.37496031494619
"373" 1.2901590519697 0.442249694137819 -0.888504041314321 0.334595936489281 0.743382580723515 0.356347588617424 0.279744259358106
"374" 1.00401325929237 9.10307324804348e-05 -0.982139489214172 -0.16121426120693 0.318238983907203 0.870660621462718 0.239403343711955
"375" 1.24812537062019 0.328145779961329 -0.960676017641232 0.0197389798950655 0.148656102344503 0.639729956179818 0.684627491841679
"376" 1.20443982115825 0.258966129241734 -0.269748930145935 0.929549763758283 0.537135262676546 0.828240512468393 0.323370776665658
"377" 1.28787766741763 0.444388368034917 -0.160418475132213 -0.186006330579826 0.115186505708562 0.690475942245451 0.977254622212835
"378" 1.07323787086995 0.084822007371806 -0.842658646468306 -0.674571692783132 0.171857112261066 0.041096990124363 0.740276112681588
"379" 1.29207274743717 0.778941738423864 -0.383426410321308 0.5853833686001 0.823869822166144 0.782336728583565 0.126946109441293
"380" 1.15104809552152 0.182866361000622 -0.964803918190118 -0.836744665411043 0.742072663351687 0.304863505859768 0.499384226713311
"381" 1.22919309601713 0.294076554283482 -0.533687605291377 -0.0157747725679429 0.530511729732724 0.800339573638195 0.782577831944495
"382" 1.21213162236481 0.979203865089082 -0.59481781039436 0.336880187753374 0.740206687236901 0.0133398756791591 0.964550490869792
"383" 1.21238459963048 0.979162179321454 -0.988026507317441 0.376465218678295 0.00379027258334139 0.423124927098394 0.0540920138012476
"384" 1.26106508779072 0.394082979291971 -0.344817494443161 -0.434152973420876 0.39723558552214 0.154881707675614 0.998065661545298
"385" 1.31404239566647 0.671657790128333 -0.808478805740269 0.742170936048859 0.959460294006332 0.483798920323647 0.798052037599223
"386" 1.26366956671581 0.871175349504797 -0.319646585613138 0.416111149487812 0.960072061208773 0.488135140047434 0.672160207249532
"387" 1.29773226466296 0.724811641676543 -0.777897414938235 0.0912056739839679 0.872460661565843 0.115217009551157 0.130351143682617
"388" 1.26111301098141 0.369939545157232 -0.481332816210861 -0.835215720516832 0.536295845068418 0.0664603614303645 0.205115197148165
"389" 1.28306191065852 0.792546530452016 -0.0703886730225859 -0.275392241608721 0.744129707752489 0.117977189956991 0.821463343422947
"390" 1.06273119585473 0.059609797643227 -0.241909169665796 0.852076549835485 0.0304317482118038 0.545303668226852 0.0903538183294223
"391" 1.27391827167612 0.817874270518741 -0.869591760652858 0.717396013722376 0.000453255859733843 0.144399994526803 0.742754743782102
"392" 1.29583930248274 0.46752522006753 -0.729545836277663 -0.121961076596729 0.89450746589749 0.320505999416403 0.0701724646137731
"393" 1.30933728573857 0.54539505379325 -0.257907612399381 -0.366007528763629 0.933363097286672 0.0799706554119234 0.545055766443629
"394" 1.30251136248299 0.693433739532302 -0.228317011727471 0.573192886827542 0.333423171507199 0.0700904753941155 0.738139872796157
"395" 1.31293001139595 0.612951066459953 -0.674393636471098 0.529619762012947 0.620397913046825 0.577424653830083 0.0479932266712634
"396" 1.2880960437812 0.429079413006203 -0.154143766747299 0.119104923162103 0.143259877990478 0.450897342708578 0.119799622548353
"397" 1.31606955666719 0.701255966644092 -0.649388122389263 -0.467985674119792 0.205591978915765 0.648869230403751 0.904409871696786
"398" 1.30674503572538 0.629531488740479 -0.907272649862038 0.505960244275567 0.831299802966034 0.474397150025379 0.131357644294014
"399" 1.3035633316116 0.75585554568515 -0.215587560516366 -0.523684935394318 0.559503235010587 0.664906265516883 0.881410694525909
"400" 1.28161829447575 0.410175113546761 -0.16713440924975 -0.579054768067643 0.139372853792634 0.765359715371118 0.201240034740867
"401" 1.10082205655977 0.106144088338588 -0.361312597327172 0.165582698174101 0.957455141039255 0.319363055850266 0.771778800182508
"402" 1.19256997553639 0.227661609964821 -0.692164940519796 0.530329826825439 0.202907781397183 0.43078424632622 0.646943871063256
"403" 1.21729025412399 0.277983447029385 -0.849924797142008 -0.982472278027384 0.524597641107698 0.902363348913281 0.272527870648959
"404" 1.29869855216815 0.760414093771514 -0.13865125548082 0.813570392602738 0.401842772863642 0.525003769248907 0.170633437226469
"405" 1.29174678913336 0.507100100274389 -0.719741527155563 -0.952180904115929 0.728814368507217 0.642665224074006 0.722393578909772
"406" 0.999931712471057 0.00070627200112319 -0.357651039816303 0.456768277568697 0.106911243227669 0.289070763421878 0.967815419031681
"407" 1.21884948538677 0.297882767384782 -0.548439395631523 0.929814194888192 0.958111750960174 0.151381903674322 0.353226367028217
"408" 1.2253733017875 0.282220070413727 -0.11772896174519 0.65927030358655 0.0343488254920942 0.0471427866270998 0.939076789498323
"409" 1.29690164592352 0.785135353288649 -0.0835913578949409 -0.615537220852389 0.243450930956237 0.80219783863452 0.305875797668045
"410" 1.09608688650773 0.104124467740275 -0.420567931485858 0.0523479652796818 0.721277112612883 0.978955428959506 0.469086734710736
"411" 1.14196840305838 0.153148603358983 -0.407542482197479 0.542352006260589 0.589749288202229 0.504947233719058 0.925865685236655
"412" 1.29504514560436 0.80350900071903 -0.784273060767166 0.483339922627132 0.130882396647599 0.0817887021722389 0.411808934681178
"413" 1.02521807552955 0.0341868608051136 -0.0677321562749074 -0.214986467900962 0.303407686089351 0.153969876939835 0.835238007532783
"414" 1.25141134719583 0.346222142459407 -0.107036562465039 0.400965235755027 0.94904191009717 0.47020415538048 0.859144361154648
"415" 1.09424721218174 0.100437797347797 -0.234551035749404 -0.433396517100389 0.501455304283347 0.609261461935561 0.378142101842341
"416" 1.30140784761662 0.753945527556508 -0.00241544551737902 0.893547805924421 0.16595535574451 0.546746725384919 0.962812165558555
"417" 1.27609460211002 0.870510725552736 -0.663380030305834 0.745265927169312 0.866382072960835 0.0700177323454265 0.504239532603375
"418" 1.22704756636471 0.308909686108403 -0.38867867198893 -0.106637791074035 0.0711604312065453 0.241362249293213 0.885592523311089
"419" 1.23902791327284 0.913471167441924 -0.171296731948322 0.889455883532489 0.841708551644203 0.795443523547671 0.381829045112348
"420" 1.21422620190536 0.283751763175327 -0.383446864261513 0.255474244975169 0.00104397680078335 0.763567568925688 0.0854188326669664
"421" 1.26670277088831 0.834435647251693 -0.709403485654836 -0.801460937062249 0.494212356581392 0.141848327010975 0.768855726793872
"422" 1.24529743492863 0.333415968890889 -0.136535472096731 -0.0436431777378966 0.85159211236312 0.341433081547283 0.596611662091507
"423" 1.31067500632255 0.562970744934379 -0.760685354988685 -0.801668038299995 0.258575507854974 0.827608718104338 0.720740623053641
"424" 1.30355443162109 0.479668135468609 -0.973974028971651 0.57810292049437 0.316969572550075 0.620750867788722 0.512134733033372
"425" 1.09822175332149 0.0952484188162887 -0.447312911749139 -0.564702760534867 0.588809053523532 0.288673277256089 0.125336073588092
"426" 1.05868518068027 0.0689427289972286 -0.807375163988684 0.97501142714228 0.0230677676848359 0.3953814393001 0.363204907520353
"427" 1.07399357062208 0.069646444983422 -0.667461881607788 0.0203954852750201 0.0916116670833963 0.955300964811491 0.157099763089034
"428" 1.21265844857696 0.271459167931114 -0.734199836550645 -0.278553092372381 0.769726325781801 0.212423628471818 0.953979309747856
"429" 1.21897479414577 0.285724553612691 -0.618417274353745 -0.266763688178465 0.809995305603143 0.919744337747531 0.16109487891843
"430" 1.21771303781785 0.275375304808389 -0.814259262375051 -0.154093132599111 0.746005018513893 0.59439285416941 0.0792144198148975
"431" 1.01728064285348 0.00991490508017602 -0.489969723372185 0.184316839635815 0.880719990979358 0.0927413879638092 0.829403366780817
"432" 1.31444719075631 0.656340421763903 -0.554986664894322 -0.96454774556354 0.708182997373413 0.0615754490270497 0.300208623391435
"433" 1.11977275373566 0.139500739289483 -0.547743641056744 -0.879793202503814 0.22011948115771 0.415267297154199 0.585206978424231
"434" 1.30135462420012 0.549950440504982 -0.193292366621274 -0.126000250738126 0.645542378833707 0.564888612948552 0.246662656382153
"435" 1.30846829746768 0.602316412674685 -0.442655655572279 0.0359310948927113 0.230759530327744 0.899777387304627 0.622199178537687
"436" 1.30954514772324 0.560612603697791 -0.560551129187139 0.567517287108022 0.0570476774279766 0.792467597367535 0.17599464641113
"437" 1.22855105012523 0.287248346663 -0.324252143372885 0.632304681120295 0.515913653958133 0.949875483888691 0.535255297863181
"438" 1.2937775285319 0.805572620723188 -0.883308101614957 -0.0126527933477846 0.593460037242549 0.39611085350417 0.404339126335117
"439" 1.30685466982844 0.626221348590693 -0.125711619189944 0.497862130532815 0.789345959709948 0.725433464369308 0.0373753935038303
"440" 1.29962722160443 0.488335733202713 -0.549986571166014 0.869740214409764 0.174158805335181 0.539675647218836 0.664871146970708
"441" 1.19269100732177 0.230175115604984 -0.268209531155318 -0.697414516485813 0.631427873470122 0.558973484967483 0.897120882431311
"442" 1.241543392987 0.318634422094552 -0.984908706941877 0.362719575046951 0.467378327207335 0.322670410181267 0.559259174467509
"443" 1.17145313041247 0.201129343089392 -0.955128435666374 -0.740339678710013 0.901894742994129 0.501233724238494 0.367016662224072
"444" 1.31129692453458 0.673785926109988 -0.423566222447384 -0.488178565991377 0.73122218649234 0.315018496365251 0.748194674408178
"445" 1.11187709599558 0.125208518710772 -0.0719181003419135 -0.600429723944837 0.803104522183012 0.0769563440715241 0.498975286909114
"446" 1.17778733228032 0.22163872772382 -0.885175423723759 0.143439105440707 0.401083731191563 0.13966627164059 0.735862381304469
"447" 1.2906159132315 0.748895551257365 -0.312598653142462 -0.230405020509903 0.174248313588009 0.449120124433419 0.696006059360053
"448" 1.30272083129406 0.62277887657704 -0.220457524260312 0.0784135105344491 0.488585686224006 0.372944745834104 0.54372119463375
"449" 1.27436752073525 0.806850716663746 -0.865038062894698 0.649384054139229 0.00101131252254197 0.351705754444654 0.644936149741225
"450" 1.24069817190685 0.922759076332182 -0.531838598573215 -0.486698871067112 0.748724168337562 0.00125974283135182 0.592313967924869
"451" 0.998974909323685 0.00246561330576604 -0.947504472704821 -0.833520941522987 0.817342963071386 0.958196496661955 0.772480386466701
"452" 1.21636265216587 0.96943045957981 -0.507991841217108 -0.236166381538521 0.355844043897363 0.743615899391497 0.0793783605356466
"453" 1.30486428831147 0.645558362192507 -0.73694766342759 0.207276195081288 0.866729825567409 0.376811594324375 0.671888834040816
"454" 1.29814720519153 0.524421657919815 -0.000617975631854248 0.919832544476997 0.295510676565166 0.853287471803789 0.671095478950967
"455" 1.29369466053953 0.479354602216221 -0.210801731293732 -0.742692008493454 0.61928758765846 0.0750318210587415 0.730980041912722
"456" 1.31164494461553 0.69771344892783 -0.823609099562907 0.105113049005976 0.663242695376855 0.484473738998766 0.478575401134715
"457" 1.11247677164018 0.116838422907142 -0.353569578040036 0.860681579453351 0.302670984984274 0.932310985382806 0.873836937769801
"458" 1.21690315084596 0.975069917229596 -0.00419611643831996 0.573877066924803 0.311958081528377 0.412028895155995 0.329072425478852
"459" 1.21210714178003 0.963166255117064 -0.329370827532637 0.335907987055569 0.903754382855471 0.77800015030057 0.262299881446728
"460" 1.11848734182572 0.129847296515535 -0.851758037965203 0.955877758754085 0.0777952752964146 0.250061651229119 0.987163729344042
"461" 1.20583236536269 0.254941466503736 -0.142348039571287 0.187462666768635 0.968551355055226 0.863833169144881 0.856225762072708
"462" 1.30019591376343 0.62640671485397 -0.386766204714629 0.96405737998987 0.10057167101626 0.225996065188009 0.795479095647962
"463" 1.27294400433925 0.404996741851634 -0.308827450553912 0.317229805743275 0.602826270132294 0.692283064591437 0.85138711381902
"464" 1.09622838386002 0.100216127895972 -0.366161277089628 -0.894050248889823 0.18354672174382 0.460185013180245 0.984636594495832
"465" 1.00706466305686 0.00918509273568617 -0.358306352870474 -0.880456031331526 0.00363070232681606 0.18293074566163 0.635918750025122
"466" 1.04130875767952 0.0377499861298122 -0.745667939330202 -0.833104578611849 0.65377567358905 0.10571752232249 0.886847272623385
"467" 1.31769054844093 0.682833117439712 -0.884665070104025 0.281569437488551 0.490683265277678 0.951827999199793 0.0148484935258717
"468" 1.17775227589884 0.211833301014576 -0.0609146255697687 -0.826177102943146 0.663430627433949 0.882623545729019 0.891239829915083
"469" 1.24435972024998 0.337457361442766 -0.469201915337238 -0.626494526236984 0.798970052550028 0.436349255908431 0.0650114809447872
"470" 1.24806276957998 0.924075534382768 -0.946261182153208 0.198600728136709 0.154013420230428 0.110416827948461 0.966586812178152
"471" 1.25144865746406 0.359037920758102 -0.581841022480031 -0.393659073598936 0.147828501357773 0.780469855837927 0.64830459930174
"472" 1.27107116104299 0.859129453240644 -0.944905233462408 -0.193805706992649 0.295701408643716 0.938416161618792 0.282962807653533
"473" 1.2821047446735 0.442368310413465 -0.67479714247347 0.703842432098283 0.39655705832035 0.714861824570983 0.133405915402908
"474" 1.04656529624617 0.0532045078153111 -0.147482785553769 0.785554547653381 0.832359805267965 0.0495440085197691 0.205225546538577
"475" 1.21828457867394 0.947065439538474 -0.688563506403288 0.67085160723355 0.668062728586851 0.245445843332618 0.786934930524432
"476" 1.30814849748466 0.742633179404703 -0.381468060739654 -0.923774424042804 0.219487386209279 0.218023098853604 0.0458589353455833
"477" 1.27455966073359 0.858477642192354 -0.0977370614021339 -0.915214460195184 0.541719554382765 0.782128338860975 0.991963397089482
"478" 1.30442062793663 0.561182191997277 -0.129743709458665 0.737891160296593 0.246409337328082 0.779065866033943 0.43319183543881
"479" 1.31266183868358 0.630690755132511 -0.784894945160055 -0.959562839378852 0.766470485233204 0.316322696114686 0.388394064918618
"480" 1.13698566120134 0.151042715510559 -0.150243132899183 -0.137502531195182 0.705841416682819 0.779545070404507 0.56647602348286
"481" 1.11406486518083 0.109256017656357 -0.500106938654148 -0.155478900144717 0.504816909088268 0.0896169221122562 0.958843355402215
"482" 1.30398438499814 0.610401934237127 -0.494860257006002 -0.108635268545741 0.0878826708718193 0.0720428051391857 0.545519367667853
"483" 1.0854131558934 0.100006563542729 -0.0103128392121453 0.861409162909981 0.0939498831381965 0.950646300971143 0.493236026166262
"484" 1.31352219042067 0.585040891237675 -0.823339916359331 -0.167406220180097 0.95576578699967 0.457541425053174 0.89174292503915
"485" 1.31060179847309 0.668846026789391 -0.331942884727409 0.652894402342391 0.324397342390066 0.756750115287496 0.234363767958168
"486" 1.2532671383036 0.905583732612761 -0.2220280056777 0.730525732959936 0.0629325635009383 0.236667537648894 0.579971727131428
"487" 1.2217866566033 0.973967495510643 -0.909306754156902 0.100342236662094 0.25453170224619 0.743072745986081 0.546957560295046
"488" 1.15636829720878 0.176794784090788 -0.459737764118578 0.610578073188718 0.095253127583454 0.514300462085404 0.439518082519006
"489" 1.07766143265328 0.089078948956081 -0.293331142983604 -0.499686781301827 0.714301255665408 0.188030025481769 0.269181363980687
"490" 1.25010962901395 0.920581616806094 -0.0715780269560007 0.876408982624549 0.00679842834688562 0.888760245838699 0.467499039890198
"491" 1.25121007852133 0.344325526761755 -0.752086139385104 0.864954397061494 0.17656106867937 0.692008843863811 0.76112593019246
"492" 1.20755682415634 0.985202814899894 -0.788737022564118 0.536285210528254 0.320431233534984 0.360348917765677 0.19401042125052
"493" 1.25725836344682 0.872494962410757 -0.758596238397997 0.428896381335903 0.569140057168233 0.13891075292915 0.137188546251323
"494" 1.11112243056831 0.125369485019905 -0.858512994733337 -0.121520109538963 0.101110251627614 0.136437923270065 0.224927890530089
"495" 1.28821147207388 0.456060258872 -0.622794384262811 -0.399477645543253 0.203947260142544 0.1350632906177 0.107936166331806
"496" 1.13710213512928 0.170334327833154 -0.233138976966242 0.59302471493118 0.227986176829116 0.456249986519105 0.111231467718292
"497" 1.32246843828452 0.623150633092814 -0.531966111773847 -0.862589632258435 0.87189734199891 0.204588599166467 0.695175707013474
"498" 1.0169299258387 0.0162052666700202 -0.475856029889093 -0.519135439065325 0.623754396043 0.605223817957229 0.578871432320508
"499" 1.21782519366874 0.295028359248745 -0.90465808291195 -0.0240184469138824 0.0151649483373177 0.944279220516346 0.793581396589272
"500" 1.30565365718701 0.609455237343602 -0.0371594614650048 -0.511799661548419 0.375987099997075 0.471849142141785 0.194609910594034
"501" 1.29030331789673 0.466307971624671 -0.8163547107954 -0.336190178042175 0.784015086264149 0.293918185433136 0.830580986049223
"502" 1.31448759102986 0.567233446981888 -0.498003685284584 0.795422841200594 0.0668835721238942 0.0678095012214911 0.0621045299148518
"503" 1.0224587059264 0.0231010284752152 -0.47658819102923 -0.531878038456345 0.25499287039007 0.798660996165473 0.883260117312452
"504" 1.31169933118133 0.60764376153003 -0.973583333777574 0.168913148607578 0.321438398179409 0.356666995488744 0.150454412748692
"505" 1.20820964028125 0.265221944815983 -0.418796494861522 -0.17337989016972 0.982694476004795 0.0924152157321491 0.0646864460908763
"506" 1.01650039222477 0.0194940650963144 -0.375596773373924 -0.492268972190084 0.170615147447202 0.0048335557816037 0.0744575137475419
"507" 1.31085526792371 0.589441289334509 -0.897473676985718 -0.10152022194029 0.745109968349075 0.217886674525316 0.579161531167477
"508" 1.20622294020749 0.98651689831063 -0.700284278173728 0.131955372273623 0.927434820660027 0.474832521929677 0.304988411124234
"509" 1.27460359771841 0.40544766637802 -0.709431633484033 -0.840037773299929 0.212382321054005 0.930350567333614 0.404946068587895
"510" 1.27778028933166 0.440653243720502 -0.967426949465835 0.896578430777489 0.29664790250891 0.174334431128009 0.734257025813093
"511" 1.21628957200985 0.977761195826886 -0.189077313600127 0.718814808063554 0.626633897735703 0.178255630907875 0.96730608311474
"512" 1.25139685753354 0.903371780389298 -0.762543296583231 0.33467786563863 0.366830724827198 0.814912333968507 0.00221640161727824
"513" 1.02378531908975 0.0336666530935708 -0.379417218481838 0.157071793608119 0.546361455843594 0.201767987564146 0.314006880697196
"514" 1.19291801244001 0.239005786532816 -0.136639889893377 0.690066060408424 0.930542908970482 0.210988168810853 0.222690836600888
"515" 1.00264591754114 0.00915861546643824 -0.0137836099292596 0.352412943100066 0.799333019010087 0.0854276876824347 0.662377158825856
"516" 1.09895336784493 0.116968023667426 -0.478654970778207 -0.0500497274124863 0.685450365434791 0.570247271240557 0.118393015494977
"517" 1.22859876437756 0.941947874828511 -0.558950326699221 -0.430442212506193 0.519256179687866 0.331121370399661 0.210788850869071
"518" 1.2741666107406 0.852777932160024 -0.60078887035234 0.666212527913089 0.573591393955753 0.170738930467911 0.29400155277744
"519" 1.32029821310649 0.683616360927048 -0.956682213812578 0.341742417794285 0.615022949624055 0.789613320082326 0.149707925771188
"520" 1.22046683474582 0.97629531521104 -0.912727960815517 -0.651980274266539 0.190956722181057 0.91190891402705 0.0764158398132992
"521" 1.26236850385485 0.896649757750134 -0.402427578741903 0.329482615118004 0.367229430327127 0.634318507029267 0.618424532616582
"522" 1.29576707574553 0.771196812952156 -0.477118879845535 -0.534591907913591 0.224143739934521 0.821041113644967 0.489289641094451
"523" 1.13143624893651 0.147392759019903 -0.838020725247523 0.702967987912088 0.808143300957467 0.73324748699448 0.808823010706153
"524" 1.30018021654642 0.783283321867448 -0.0692679007555645 -0.0255478709735808 0.861620214119788 0.0932049540306047 0.533585020337646
"525" 1.06632412153079 0.0767598706218538 -0.198108779314586 -0.919966623036437 0.571519164572467 0.957923433102685 0.889199419401931
"526" 1.28567775287124 0.455984655265885 -0.151133419581631 0.46890032699594 0.811047003068444 0.801322881522393 0.127307511745012
"527" 1.30643063346163 0.559083423178958 -0.864683022455794 0.515685758847426 0.41221935528834 0.100834885605997 0.32585205551638
"528" 1.3063243059863 0.720105690365188 -0.269481907378006 0.226415572477141 0.396526224789548 0.165732307935208 0.440885737702305
"529" 1.2932554376378 0.460461406217882 -0.00657756495478878 0.517227735506224 0.662863527162842 0.206422148955941 0.0807849261451663
"530" 1.0457392897955 0.0427444865672973 -0.736384815575565 -0.16059196051283 0.963637409833395 0.498116436090371 0.202110924534284
"531" 1.09484912976794 0.105313765794333 -0.736781314539377 0.566969129473339 0.0671496845239621 0.214344155644901 0.923794933862366
"532" 1.01354597689454 0.00659531736090454 -0.160616322748408 0.690221807585595 0.869537691321187 0.917019293815832 0.716083463035841
"533" 1.28982210450534 0.440969079435237 -0.671013115106786 -0.109460506766985 0.55675415946284 0.817975105284439 0.171070664325426
"534" 1.30563748306797 0.731746120891346 -0.489535862073176 0.236325081706889 0.754614805793362 0.905678009935894 0.297774923485048
"535" 1.29567803664922 0.75238270370653 -0.463175876145387 -0.853895517441041 0.755331332820681 0.0328241565328614 0.689095901169802
"536" 1.29232884491659 0.473151668537303 -0.070810972649763 -0.893136835138421 0.102156825188692 0.683147003896203 0.0329165635273432
"537" 1.27792974789316 0.433749709096723 -0.541533589046213 -0.751028207180525 0.179169438143085 0.194212644918875 0.588545103654587
"538" 1.27496478688577 0.42025724225992 -0.615494484552846 0.972250845569227 0.513790275172418 0.00534437925359953 0.896397908555988
"539" 1.00945713992875 0.00256257423502753 -0.350362594676069 -0.691266228394438 0.843518912198938 0.176100542216774 0.544612589357286
"540" 1.21032076529784 0.274220514585699 -0.687031898392047 0.720813893230932 0.23830368708986 0.00681838635779553 0.70347853617825
"541" 1.31837134604907 0.661133297839138 -0.577293811849578 -0.448764267457409 0.937165013032575 0.561428149644531 0.736245734416673
"542" 1.30234656929326 0.565093297404099 -0.973370880228734 -0.503279253999257 0.0305060700851638 0.238149703837731 0.684834505767929
"543" 1.01369158015691 0.0113039774240989 -0.140183968040688 0.0406418779058174 0.299284996057693 0.584653992813088 0.163109178870616
"544" 1.15419157617445 0.175964089017485 -0.894842125737845 0.458114826420295 0.475841655855781 0.212923148714009 0.126759722448425
"545" 1.30664947678812 0.724050887302166 -0.962998810527789 0.278737038368663 0.42521041688597 0.0672577032795181 0.44499319315855
"546" 1.18528385650945 0.217272976923915 -0.28533590476724 -0.394760664345282 0.232580457901753 0.551590157842905 0.795442842285175
"547" 1.24665769205114 0.340938520598042 -0.67895317921002 -0.844940297246813 0.357701748703132 0.926950647450456 0.0149967696329877
"548" 1.26024844904816 0.896544058453563 -0.0637362446303337 -0.888884292190879 0.580482968301619 0.435765016972815 0.450632257790191
"549" 1.26382453324396 0.867441161635276 -0.559988258284879 -0.455339397702039 0.399537013169308 0.551942240401168 0.0880569562585668
"550" 1.29718626285463 0.754209781735119 -0.237414140110403 -0.741948807687813 0.805394625412785 0.975170397394207 0.973850733265503
"551" 1.18972761317396 0.230738237033028 -0.0486653815308584 -0.401752760299615 0.58975214340455 0.997389877787115 0.52078982892546
"552" 1.31061622368168 0.645449657750672 -0.436907097435714 0.325875802846199 0.974718634444633 0.941469189903138 0.315338366103913
"553" 1.25514277336109 0.349238145780176 -0.135008363770726 0.957466830535117 0.437174654782826 0.822082428027211 0.439859172210728
"554" 1.24334217650104 0.916501406261766 -0.239077596629071 -0.742291948850436 0.225168734052008 0.80524909763872 0.532181082687728
"555" 1.21139412384567 0.268967459664036 -0.802437192505909 -0.796172479773843 0.873460221495416 0.719159626072553 0.383056406321873
"556" 1.3030755976729 0.499057403021478 -0.867109628477786 -0.201032578203542 0.103820620941624 0.380311425101193 0.326154285538963
"557" 1.16565542237262 0.1841547098719 -0.439776993001256 0.00582325347029528 0.566734019639128 0.534865946567645 0.594525446337949
"558" 1.09612132166838 0.116304462820135 -0.931726273568129 0.550183962666957 0.117562655697817 0.928497946152364 0.356249622092564
"559" 1.20333939975688 0.975762951178172 -0.48858404895884 0.926557002524812 0.740839092082933 0.56672079206396 0.398931479774822
"560" 1.28963319215636 0.74628630355642 -0.655574133237689 -0.232330824556949 0.835418003091343 0.247113511990665 0.73066997364614
"561" 1.18671839682697 0.218777888572263 -0.728983751178864 -0.636242413040815 0.13792849650819 0.539951028607277 0.370893847231269
"562" 1.23291730504772 0.938057466437098 -0.393298554654722 -0.232478076674845 0.721283698227957 0.978605339664479 0.351980179830426
"563" 1.29265037121837 0.516109067562662 -0.216455195104396 0.835146444083764 0.119278380603041 0.65855977381124 0.926118981706153
"564" 1.30257012620469 0.706684544680264 -0.499369721596339 -0.889588029131831 0.830028880072294 0.296692510068426 0.373008620828808
"565" 1.03326059743501 0.0314182444789901 -0.0629375428173246 0.144309092316844 0.179085973475567 0.553787711353005 0.500924251552728
"566" 1.27194155212631 0.859672043894368 -0.0660105598462272 -0.234005125163371 0.105516710073565 0.0956198307426937 0.964112776223444
"567" 1.20251500351042 0.254246193888413 -0.500669377189882 0.994608783134871 0.969779836645864 0.304179894567797 0.670467485547354
"568" 1.30891976152242 0.537138462701067 -0.264585945995962 -0.473657429339538 0.701583807805887 0.874277590273353 0.818832642472626
"569" 1.28278451308894 0.792122537214655 -0.0814445067524112 0.382245048067293 0.84181649961924 0.332058193643602 0.371929833283975
"570" 1.2965620830547 0.468549988804943 -0.0704001862656415 0.449571065723612 0.299481499076856 0.443871757324162 0.820286650354886
"571" 1.31453688348785 0.716305217005193 -0.505659542087741 0.893374841153148 0.355925837073609 0.377366088678163 0.359115631248814
"572" 1.30701490974171 0.509307287385668 -0.967567809683761 -0.517860597631662 0.226987897933806 0.709808530435007 0.630622251697217
"573" 1.31183295866338 0.676668265309883 -0.648268865151313 0.816641979585758 0.849282924237393 0.667896268405585 0.259458964682991
"574" 1.23004575289463 0.948767144545812 -0.865730824897069 0.608484332814054 0.965695633288634 0.764502119276775 0.424346463350594
"575" 1.23765680135195 0.315454741384505 -0.54328691330824 0.143956560861078 0.224308709068273 0.729223911575641 0.0902764871198473
"576" 1.3050021344538 0.729269397139557 -0.408475683062091 0.00771044092340668 0.00812689370717711 0.783975457322527 0.0651272678623143
"577" 1.31766253521348 0.662136778869771 -0.00968961185203848 0.116011326697272 0.785843619949993 0.569304926883295 0.196415773791839
"578" 1.22709596710075 0.948368934975178 -0.778014724801076 0.721549751489039 0.495723895754332 0.741111565416494 0.690058563494166
"579" 1.2867238448174 0.756507231936209 -0.542333471310642 0.505586077264022 0.15414781613805 0.871545364680103 0.981618473114595
"580" 1.29329094799127 0.451381996480621 -0.933377580284732 -0.334043376492574 0.677035503746799 0.571776002396226 0.0159169513058676
"581" 1.2844421196869 0.802907199134281 -0.165774611402564 0.0291779127598288 0.216811141021717 0.294528207104157 0.585138843792696
"582" 1.17730536865839 0.197815117692934 -0.860133860937283 -0.472713246551425 0.255734246967529 0.0169183582810263 0.736959376439348
"583" 1.3068496710167 0.569248410734271 -0.892090944236824 0.737283769379143 0.0320546686806183 0.733128490040714 0.735812173003548
"584" 1.30968294622574 0.684988102754002 -0.422653250841395 -0.802340554978427 0.666578838054183 0.159019983158483 0.625241344107827
"585" 1.24593646414608 0.341826219600591 -0.956534233400393 0.0765227752078178 0.714786425157352 0.464841552238689 0.107533065920434
"586" 1.27938941069178 0.405508564167139 -0.712288477494382 0.623845505472241 0.635695452621359 0.455591033390475 0.393449769783195
"587" 1.26266959925155 0.380700023888053 -0.315867517306573 0.941856095545475 0.125201602941829 0.496765693493016 0.312918410889578
"588" 1.15597898286145 0.183272248627764 -0.781039600599612 -0.504352268042339 0.48371832832075 0.12841552745328 0.597415096653239
"589" 1.01607868280349 0.0212802322176956 -0.233063309564527 0.363033113421613 0.546004947873072 0.200167458652247 0.718900832704123
"590" 1.2095803971748 0.971227393256337 -0.246761093224936 0.50447097512194 0.0171774429206057 0.432274372063826 0.299108779340663
"591" 1.10169816254191 0.11402845818501 -0.791662625192158 0.233460292583271 0.912642338040659 0.277310469579086 0.474194062555294
"592" 1.28062025109264 0.781843544361987 -0.872756008881435 -0.77971558579729 0.291644457648985 0.498108641618536 0.256480664328667
"593" 1.29779309963965 0.772380661837565 -0.545944363008353 0.622422577222785 0.394892128914959 0.277457013426129 0.573815644568218
"594" 1.30045956702543 0.671739292499091 -0.418280686950866 -0.934304885877161 0.865610928285651 0.693230163816333 0.834370604378424
"595" 1.28901129053815 0.792423959547697 -0.630404819530482 -0.699260871728477 0.898641046583033 0.131412112231767 0.79171156084072
"596" 1.27835441906064 0.802456210346635 -0.40136633871221 0.929801329830353 0.096607801293587 0.552320026066752 0.0739197727235297
"597" 1.02735992178605 0.0259482507587495 -0.118209375671006 0.209026938881167 0.763072908324926 0.985838757840558 0.957909272109421
"598" 1.05062722254126 0.0594612880069641 -0.675807289212923 -0.111975491347467 0.885203685872808 0.44586411973921 0.117090464885071
"599" 1.09696801434404 0.112576572787 -0.0760763261522809 -0.139424132881737 0.608413177437601 0.426760480684736 0.592171936568749
"600" 1.19917856220069 0.247372902569725 -0.69565778102186 0.067035476431106 0.740337310356591 0.0371366477861122 0.927296483162248